{
 "cells": [
  {
   "cell_type": "markdown",
   "metadata": {},
   "source": [
    "<center>\n",
    "<a href=\"http://www.insa-toulouse.fr/\" ><img src=\"http://www.math.univ-toulouse.fr/~besse/Wikistat/Images/Logo_INSAvilletoulouse-RVB.png\" style=\"float:left; max-width: 120px; display: inline\" alt=\"INSA\"/></a> \n",
    "\n",
    "<a href=\"http://wikistat.fr/\" ><img src=\"http://www.math.univ-toulouse.fr/~besse/Wikistat/Images/wikistat.jpg\" style=\"max-width: 250px; display: inline\"  alt=\"Wikistat\"/></a>\n",
    "\n",
    "<a href=\"http://www.math.univ-toulouse.fr/\" ><img src=\"http://www.math.univ-toulouse.fr/~besse/Wikistat/Images/logo_imt.jpg\" style=\"float:right; max-width: 250px; display: inline\" alt=\"IMT\"/> </a>\n",
    "</center>"
   ]
  },
  {
   "cell_type": "markdown",
   "metadata": {},
   "source": [
    "# [Scénarios d'Exploration Statistique](https://github.com/wikistat/Exploration)"
   ]
  },
  {
   "cell_type": "markdown",
   "metadata": {},
   "source": [
    "# Initiation à l'ACP avec <a href=\"https://cran.r-project.org/\"><img src=\"https://cran.r-project.org/Rlogo.svg\" style=\"max-width: 40px; display: inline\" alt=\"R\"/></a>\n",
    "# de la SVD à l'ACP - exemples élémentaires\n",
    "#### Résumé \n",
    "Décomposition en valeurs singulières [SVD](http://wikistat.fr/pdf/st-m-explo-alglin.pdf) d'une matrice rectangulaire comme introduction à l'[Analyse en Composantes Principales](http://wikistat.fr/pdf/st-m-explo-acp.pdf) (ACP); illustration sur des données fictives avec R puis avec le package [`FactoMineR`](http://factominer.free.fr/); application à des données élémentaires: courbes annuelles de températures moyennes mensuelles de 36 villes françaises."
   ]
  },
  {
   "cell_type": "markdown",
   "metadata": {},
   "source": [
    "#### Avertissement\n",
    "Les différents travaux et analyses proposés tout au long de ces documents sont largement explicités. Les commandes en R ou Python toutes fournies. L'important n'est pas de trouver la bonne syntaxe des commandes ni de finir au plus vite mais de réfléchir sur les méthodes, leurs conditions d'applications, les résultats obtenus. L'apprentissage de ces logiciels et de leur programmation est dispensés dans d'autres tutoriels.\n",
    "\n",
    "Répondre aux questions **Q** tout au long de la réalisation."
   ]
  },
  {
   "cell_type": "markdown",
   "metadata": {},
   "source": [
    "## 1 SVD et recherche d'éléments propres\n",
    "Cette section se propose d'illustrer les principaux résultats d'[algèbre linéaire](http://wikistat.fr/pdf/st-m-explo-alglin.pdf) utiles en exploration statistique multidimensionnelle. Ceci concerne les valeurs et vecteurs propres de matrices symétriques en lien avec la décomposition en valeur singulière ou SVD d'une matrice rectangulaire $n\\times p$ pour en faire une approximation par une matrice de mêmes dimensions mais de rang inférieur.\n",
    "### 1.1 SVD avec métrique usuelle\n",
    "Décomposition en valeurs singulières d'une matrice rectangulaire relativement à des métriques classiques définies par la matrice identité.\n",
    "\n",
    "**Q** Ecrire la formule de la décomposition en valeurs singulières d'une matrice rectangulaire. \n",
    "\n",
    "**Q** De quelles matrice les vecteurs singuliers sont vecteurs propres?"
   ]
  },
  {
   "cell_type": "code",
   "execution_count": 2,
   "metadata": {},
   "outputs": [
    {
     "data": {
      "text/html": [
       "<ol class=list-inline>\n",
       "\t<li>5.33810966422603</li>\n",
       "\t<li>1.69151030725439</li>\n",
       "\t<li>1.34607806052976</li>\n",
       "\t<li>1.20256993274676</li>\n",
       "\t<li>1.00356266336749</li>\n",
       "</ol>\n"
      ],
      "text/latex": [
       "\\begin{enumerate*}\n",
       "\\item 5.33810966422603\n",
       "\\item 1.69151030725439\n",
       "\\item 1.34607806052976\n",
       "\\item 1.20256993274676\n",
       "\\item 1.00356266336749\n",
       "\\end{enumerate*}\n"
      ],
      "text/markdown": [
       "1. 5.33810966422603\n",
       "2. 1.69151030725439\n",
       "3. 1.34607806052976\n",
       "4. 1.20256993274676\n",
       "5. 1.00356266336749\n",
       "\n",
       "\n"
      ],
      "text/plain": [
       "[1] 5.338110 1.691510 1.346078 1.202570 1.003563"
      ]
     },
     "metadata": {},
     "output_type": "display_data"
    },
    {
     "data": {
      "text/html": [
       "<dl>\n",
       "\t<dt>$d</dt>\n",
       "\t\t<dd><ol class=list-inline>\n",
       "\t<li>5.33810966422603</li>\n",
       "\t<li>1.69151030725439</li>\n",
       "\t<li>1.34607806052976</li>\n",
       "\t<li>1.20256993274676</li>\n",
       "\t<li>1.00356266336749</li>\n",
       "</ol>\n",
       "</dd>\n",
       "\t<dt>$u</dt>\n",
       "\t\t<dd><table>\n",
       "<tbody>\n",
       "\t<tr><td>-0.23551760 </td><td> 0.221035700</td><td> 0.23558692 </td><td>-0.060487604</td><td> 0.347131211</td></tr>\n",
       "\t<tr><td>-0.16883963 </td><td> 0.196937443</td><td> 0.07776271 </td><td> 0.006299908</td><td> 0.500122083</td></tr>\n",
       "\t<tr><td>-0.18812435 </td><td> 0.107204111</td><td>-0.26496824 </td><td>-0.384112115</td><td>-0.103191783</td></tr>\n",
       "\t<tr><td>-0.21538984 </td><td> 0.295014795</td><td> 0.23391224 </td><td> 0.336942601</td><td>-0.101680131</td></tr>\n",
       "\t<tr><td>-0.25843592 </td><td>-0.153712415</td><td>-0.05652094 </td><td>-0.149801638</td><td>-0.068649796</td></tr>\n",
       "\t<tr><td>-0.25541827 </td><td>-0.299696078</td><td>-0.19427188 </td><td> 0.266090739</td><td> 0.230155134</td></tr>\n",
       "\t<tr><td>-0.17240900 </td><td> 0.004374677</td><td> 0.26887785 </td><td>-0.137413892</td><td> 0.277300384</td></tr>\n",
       "\t<tr><td>-0.23654789 </td><td> 0.010320207</td><td>-0.24276535 </td><td> 0.477897397</td><td>-0.163412984</td></tr>\n",
       "\t<tr><td>-0.18425065 </td><td>-0.082048351</td><td> 0.50838257 </td><td>-0.086504576</td><td>-0.307591147</td></tr>\n",
       "\t<tr><td>-0.24076365 </td><td> 0.286440117</td><td>-0.24937475 </td><td>-0.069233608</td><td>-0.103977944</td></tr>\n",
       "\t<tr><td>-0.17670707 </td><td>-0.347056139</td><td>-0.06788213 </td><td> 0.029242501</td><td> 0.127654257</td></tr>\n",
       "\t<tr><td>-0.26512446 </td><td>-0.228774202</td><td> 0.23328325 </td><td> 0.107505568</td><td>-0.400017145</td></tr>\n",
       "\t<tr><td>-0.08983476 </td><td> 0.089999856</td><td>-0.22522432 </td><td> 0.250083069</td><td>-0.059828944</td></tr>\n",
       "\t<tr><td>-0.12326137 </td><td> 0.167924513</td><td>-0.12169956 </td><td>-0.155059213</td><td> 0.139170100</td></tr>\n",
       "\t<tr><td>-0.20901704 </td><td>-0.253952636</td><td> 0.13383719 </td><td>-0.173851833</td><td>-0.052040669</td></tr>\n",
       "\t<tr><td>-0.34167713 </td><td>-0.023859463</td><td>-0.01775816 </td><td> 0.161768802</td><td> 0.005253553</td></tr>\n",
       "\t<tr><td>-0.20088675 </td><td> 0.212765545</td><td>-0.10641305 </td><td>-0.419192772</td><td>-0.300108817</td></tr>\n",
       "\t<tr><td>-0.22702883 </td><td>-0.455033814</td><td>-0.21305763 </td><td>-0.225703933</td><td> 0.170229404</td></tr>\n",
       "\t<tr><td>-0.29434299 </td><td> 0.145757363</td><td> 0.23489253 </td><td> 0.019404285</td><td> 0.109144855</td></tr>\n",
       "\t<tr><td>-0.24672147 </td><td> 0.252519427</td><td>-0.25697506 </td><td> 0.002651839</td><td>-0.093457430</td></tr>\n",
       "</tbody>\n",
       "</table>\n",
       "</dd>\n",
       "\t<dt>$v</dt>\n",
       "\t\t<dd><table>\n",
       "<tbody>\n",
       "\t<tr><td>-0.4097325 </td><td> 0.4109737 </td><td>-0.12792546</td><td> 0.7865584 </td><td> 0.1678716 </td></tr>\n",
       "\t<tr><td>-0.4851133 </td><td>-0.6803737 </td><td> 0.45793596</td><td> 0.1175733 </td><td> 0.2796925 </td></tr>\n",
       "\t<tr><td>-0.4840136 </td><td> 0.4169160 </td><td>-0.04776868</td><td>-0.5841164 </td><td> 0.4984357 </td></tr>\n",
       "\t<tr><td>-0.4096763 </td><td> 0.2740287 </td><td> 0.45281933</td><td>-0.1266905 </td><td>-0.7321050 </td></tr>\n",
       "\t<tr><td>-0.4412262 </td><td>-0.3453716 </td><td>-0.75273006</td><td>-0.1012917 </td><td>-0.3304169 </td></tr>\n",
       "</tbody>\n",
       "</table>\n",
       "</dd>\n",
       "</dl>\n"
      ],
      "text/latex": [
       "\\begin{description}\n",
       "\\item[\\$d] \\begin{enumerate*}\n",
       "\\item 5.33810966422603\n",
       "\\item 1.69151030725439\n",
       "\\item 1.34607806052976\n",
       "\\item 1.20256993274676\n",
       "\\item 1.00356266336749\n",
       "\\end{enumerate*}\n",
       "\n",
       "\\item[\\$u] \\begin{tabular}{lllll}\n",
       "\t -0.23551760  &  0.221035700 &  0.23558692  & -0.060487604 &  0.347131211\\\\\n",
       "\t -0.16883963  &  0.196937443 &  0.07776271  &  0.006299908 &  0.500122083\\\\\n",
       "\t -0.18812435  &  0.107204111 & -0.26496824  & -0.384112115 & -0.103191783\\\\\n",
       "\t -0.21538984  &  0.295014795 &  0.23391224  &  0.336942601 & -0.101680131\\\\\n",
       "\t -0.25843592  & -0.153712415 & -0.05652094  & -0.149801638 & -0.068649796\\\\\n",
       "\t -0.25541827  & -0.299696078 & -0.19427188  &  0.266090739 &  0.230155134\\\\\n",
       "\t -0.17240900  &  0.004374677 &  0.26887785  & -0.137413892 &  0.277300384\\\\\n",
       "\t -0.23654789  &  0.010320207 & -0.24276535  &  0.477897397 & -0.163412984\\\\\n",
       "\t -0.18425065  & -0.082048351 &  0.50838257  & -0.086504576 & -0.307591147\\\\\n",
       "\t -0.24076365  &  0.286440117 & -0.24937475  & -0.069233608 & -0.103977944\\\\\n",
       "\t -0.17670707  & -0.347056139 & -0.06788213  &  0.029242501 &  0.127654257\\\\\n",
       "\t -0.26512446  & -0.228774202 &  0.23328325  &  0.107505568 & -0.400017145\\\\\n",
       "\t -0.08983476  &  0.089999856 & -0.22522432  &  0.250083069 & -0.059828944\\\\\n",
       "\t -0.12326137  &  0.167924513 & -0.12169956  & -0.155059213 &  0.139170100\\\\\n",
       "\t -0.20901704  & -0.253952636 &  0.13383719  & -0.173851833 & -0.052040669\\\\\n",
       "\t -0.34167713  & -0.023859463 & -0.01775816  &  0.161768802 &  0.005253553\\\\\n",
       "\t -0.20088675  &  0.212765545 & -0.10641305  & -0.419192772 & -0.300108817\\\\\n",
       "\t -0.22702883  & -0.455033814 & -0.21305763  & -0.225703933 &  0.170229404\\\\\n",
       "\t -0.29434299  &  0.145757363 &  0.23489253  &  0.019404285 &  0.109144855\\\\\n",
       "\t -0.24672147  &  0.252519427 & -0.25697506  &  0.002651839 & -0.093457430\\\\\n",
       "\\end{tabular}\n",
       "\n",
       "\\item[\\$v] \\begin{tabular}{lllll}\n",
       "\t -0.4097325  &  0.4109737  & -0.12792546 &  0.7865584  &  0.1678716 \\\\\n",
       "\t -0.4851133  & -0.6803737  &  0.45793596 &  0.1175733  &  0.2796925 \\\\\n",
       "\t -0.4840136  &  0.4169160  & -0.04776868 & -0.5841164  &  0.4984357 \\\\\n",
       "\t -0.4096763  &  0.2740287  &  0.45281933 & -0.1266905  & -0.7321050 \\\\\n",
       "\t -0.4412262  & -0.3453716  & -0.75273006 & -0.1012917  & -0.3304169 \\\\\n",
       "\\end{tabular}\n",
       "\n",
       "\\end{description}\n"
      ],
      "text/markdown": [
       "$d\n",
       ":   1. 5.33810966422603\n",
       "2. 1.69151030725439\n",
       "3. 1.34607806052976\n",
       "4. 1.20256993274676\n",
       "5. 1.00356266336749\n",
       "\n",
       "\n",
       "\n",
       "$u\n",
       ":   \n",
       "| -0.23551760  |  0.221035700 |  0.23558692  | -0.060487604 |  0.347131211 | \n",
       "| -0.16883963  |  0.196937443 |  0.07776271  |  0.006299908 |  0.500122083 | \n",
       "| -0.18812435  |  0.107204111 | -0.26496824  | -0.384112115 | -0.103191783 | \n",
       "| -0.21538984  |  0.295014795 |  0.23391224  |  0.336942601 | -0.101680131 | \n",
       "| -0.25843592  | -0.153712415 | -0.05652094  | -0.149801638 | -0.068649796 | \n",
       "| -0.25541827  | -0.299696078 | -0.19427188  |  0.266090739 |  0.230155134 | \n",
       "| -0.17240900  |  0.004374677 |  0.26887785  | -0.137413892 |  0.277300384 | \n",
       "| -0.23654789  |  0.010320207 | -0.24276535  |  0.477897397 | -0.163412984 | \n",
       "| -0.18425065  | -0.082048351 |  0.50838257  | -0.086504576 | -0.307591147 | \n",
       "| -0.24076365  |  0.286440117 | -0.24937475  | -0.069233608 | -0.103977944 | \n",
       "| -0.17670707  | -0.347056139 | -0.06788213  |  0.029242501 |  0.127654257 | \n",
       "| -0.26512446  | -0.228774202 |  0.23328325  |  0.107505568 | -0.400017145 | \n",
       "| -0.08983476  |  0.089999856 | -0.22522432  |  0.250083069 | -0.059828944 | \n",
       "| -0.12326137  |  0.167924513 | -0.12169956  | -0.155059213 |  0.139170100 | \n",
       "| -0.20901704  | -0.253952636 |  0.13383719  | -0.173851833 | -0.052040669 | \n",
       "| -0.34167713  | -0.023859463 | -0.01775816  |  0.161768802 |  0.005253553 | \n",
       "| -0.20088675  |  0.212765545 | -0.10641305  | -0.419192772 | -0.300108817 | \n",
       "| -0.22702883  | -0.455033814 | -0.21305763  | -0.225703933 |  0.170229404 | \n",
       "| -0.29434299  |  0.145757363 |  0.23489253  |  0.019404285 |  0.109144855 | \n",
       "| -0.24672147  |  0.252519427 | -0.25697506  |  0.002651839 | -0.093457430 | \n",
       "\n",
       "\n",
       "\n",
       "$v\n",
       ":   \n",
       "| -0.4097325  |  0.4109737  | -0.12792546 |  0.7865584  |  0.1678716  | \n",
       "| -0.4851133  | -0.6803737  |  0.45793596 |  0.1175733  |  0.2796925  | \n",
       "| -0.4840136  |  0.4169160  | -0.04776868 | -0.5841164  |  0.4984357  | \n",
       "| -0.4096763  |  0.2740287  |  0.45281933 | -0.1266905  | -0.7321050  | \n",
       "| -0.4412262  | -0.3453716  | -0.75273006 | -0.1012917  | -0.3304169  | \n",
       "\n",
       "\n",
       "\n",
       "\n",
       "\n"
      ],
      "text/plain": [
       "$d\n",
       "[1] 5.338110 1.691510 1.346078 1.202570 1.003563\n",
       "\n",
       "$u\n",
       "             [,1]         [,2]        [,3]         [,4]         [,5]\n",
       " [1,] -0.23551760  0.221035700  0.23558692 -0.060487604  0.347131211\n",
       " [2,] -0.16883963  0.196937443  0.07776271  0.006299908  0.500122083\n",
       " [3,] -0.18812435  0.107204111 -0.26496824 -0.384112115 -0.103191783\n",
       " [4,] -0.21538984  0.295014795  0.23391224  0.336942601 -0.101680131\n",
       " [5,] -0.25843592 -0.153712415 -0.05652094 -0.149801638 -0.068649796\n",
       " [6,] -0.25541827 -0.299696078 -0.19427188  0.266090739  0.230155134\n",
       " [7,] -0.17240900  0.004374677  0.26887785 -0.137413892  0.277300384\n",
       " [8,] -0.23654789  0.010320207 -0.24276535  0.477897397 -0.163412984\n",
       " [9,] -0.18425065 -0.082048351  0.50838257 -0.086504576 -0.307591147\n",
       "[10,] -0.24076365  0.286440117 -0.24937475 -0.069233608 -0.103977944\n",
       "[11,] -0.17670707 -0.347056139 -0.06788213  0.029242501  0.127654257\n",
       "[12,] -0.26512446 -0.228774202  0.23328325  0.107505568 -0.400017145\n",
       "[13,] -0.08983476  0.089999856 -0.22522432  0.250083069 -0.059828944\n",
       "[14,] -0.12326137  0.167924513 -0.12169956 -0.155059213  0.139170100\n",
       "[15,] -0.20901704 -0.253952636  0.13383719 -0.173851833 -0.052040669\n",
       "[16,] -0.34167713 -0.023859463 -0.01775816  0.161768802  0.005253553\n",
       "[17,] -0.20088675  0.212765545 -0.10641305 -0.419192772 -0.300108817\n",
       "[18,] -0.22702883 -0.455033814 -0.21305763 -0.225703933  0.170229404\n",
       "[19,] -0.29434299  0.145757363  0.23489253  0.019404285  0.109144855\n",
       "[20,] -0.24672147  0.252519427 -0.25697506  0.002651839 -0.093457430\n",
       "\n",
       "$v\n",
       "           [,1]       [,2]        [,3]       [,4]       [,5]\n",
       "[1,] -0.4097325  0.4109737 -0.12792546  0.7865584  0.1678716\n",
       "[2,] -0.4851133 -0.6803737  0.45793596  0.1175733  0.2796925\n",
       "[3,] -0.4840136  0.4169160 -0.04776868 -0.5841164  0.4984357\n",
       "[4,] -0.4096763  0.2740287  0.45281933 -0.1266905 -0.7321050\n",
       "[5,] -0.4412262 -0.3453716 -0.75273006 -0.1012917 -0.3304169\n"
      ]
     },
     "metadata": {},
     "output_type": "display_data"
    }
   ],
   "source": [
    "# Génération d'un matrice n x p\n",
    "X=matrix(runif(100),20,5)\n",
    "# SVD\n",
    "res=svd(X)\n",
    "# Valeurs singulières\n",
    "res$d\n",
    "res"
   ]
  },
  {
   "cell_type": "markdown",
   "metadata": {},
   "source": [
    "Rep: U est la matrice des vecteurs singulieres à gauche et V celle de droite.\n",
    "Contrairement au cours, U n'est pas une matrice carrée n*n mais plutôt de taille p*p\n",
    "Par contre est V carrée (p*p)"
   ]
  },
  {
   "cell_type": "code",
   "execution_count": 3,
   "metadata": {},
   "outputs": [
    {
     "data": {
      "text/html": [
       "<table>\n",
       "<tbody>\n",
       "\t<tr><td> 1.000000e+00</td><td>-3.538836e-16</td><td> 5.551115e-17</td><td>-2.019869e-16</td><td>-1.110223e-16</td></tr>\n",
       "\t<tr><td>-3.538836e-16</td><td> 1.000000e+00</td><td> 2.775558e-17</td><td>-9.578926e-16</td><td>-2.151057e-16</td></tr>\n",
       "\t<tr><td> 5.551115e-17</td><td> 2.775558e-17</td><td> 1.000000e+00</td><td>-1.951564e-18</td><td> 1.769418e-16</td></tr>\n",
       "\t<tr><td>-2.019869e-16</td><td>-9.578926e-16</td><td>-1.951564e-18</td><td> 1.000000e+00</td><td> 1.076071e-16</td></tr>\n",
       "\t<tr><td>-1.110223e-16</td><td>-2.151057e-16</td><td> 1.769418e-16</td><td> 1.076071e-16</td><td> 1.000000e+00</td></tr>\n",
       "</tbody>\n",
       "</table>\n"
      ],
      "text/latex": [
       "\\begin{tabular}{lllll}\n",
       "\t  1.000000e+00 & -3.538836e-16 &  5.551115e-17 & -2.019869e-16 & -1.110223e-16\\\\\n",
       "\t -3.538836e-16 &  1.000000e+00 &  2.775558e-17 & -9.578926e-16 & -2.151057e-16\\\\\n",
       "\t  5.551115e-17 &  2.775558e-17 &  1.000000e+00 & -1.951564e-18 &  1.769418e-16\\\\\n",
       "\t -2.019869e-16 & -9.578926e-16 & -1.951564e-18 &  1.000000e+00 &  1.076071e-16\\\\\n",
       "\t -1.110223e-16 & -2.151057e-16 &  1.769418e-16 &  1.076071e-16 &  1.000000e+00\\\\\n",
       "\\end{tabular}\n"
      ],
      "text/markdown": [
       "\n",
       "|  1.000000e+00 | -3.538836e-16 |  5.551115e-17 | -2.019869e-16 | -1.110223e-16 | \n",
       "| -3.538836e-16 |  1.000000e+00 |  2.775558e-17 | -9.578926e-16 | -2.151057e-16 | \n",
       "|  5.551115e-17 |  2.775558e-17 |  1.000000e+00 | -1.951564e-18 |  1.769418e-16 | \n",
       "| -2.019869e-16 | -9.578926e-16 | -1.951564e-18 |  1.000000e+00 |  1.076071e-16 | \n",
       "| -1.110223e-16 | -2.151057e-16 |  1.769418e-16 |  1.076071e-16 |  1.000000e+00 | \n",
       "\n",
       "\n"
      ],
      "text/plain": [
       "     [,1]          [,2]          [,3]          [,4]          [,5]         \n",
       "[1,]  1.000000e+00 -3.538836e-16  5.551115e-17 -2.019869e-16 -1.110223e-16\n",
       "[2,] -3.538836e-16  1.000000e+00  2.775558e-17 -9.578926e-16 -2.151057e-16\n",
       "[3,]  5.551115e-17  2.775558e-17  1.000000e+00 -1.951564e-18  1.769418e-16\n",
       "[4,] -2.019869e-16 -9.578926e-16 -1.951564e-18  1.000000e+00  1.076071e-16\n",
       "[5,] -1.110223e-16 -2.151057e-16  1.769418e-16  1.076071e-16  1.000000e+00"
      ]
     },
     "metadata": {},
     "output_type": "display_data"
    }
   ],
   "source": [
    "# Vérifier l'orthonormalité des vecteurs: Ok\n",
    "t(res$u)%*%res$u"
   ]
  },
  {
   "cell_type": "code",
   "execution_count": 4,
   "metadata": {},
   "outputs": [
    {
     "data": {
      "text/html": [
       "<table>\n",
       "<tbody>\n",
       "\t<tr><td> 1.000000e+00</td><td>-2.220446e-16</td><td> 1.665335e-16</td><td> 2.081668e-17</td><td>-5.551115e-17</td></tr>\n",
       "\t<tr><td>-2.220446e-16</td><td> 1.000000e+00</td><td> 1.110223e-16</td><td>-2.498002e-16</td><td>-8.326673e-17</td></tr>\n",
       "\t<tr><td> 1.665335e-16</td><td> 1.110223e-16</td><td> 1.000000e+00</td><td>-5.551115e-17</td><td>-1.110223e-16</td></tr>\n",
       "\t<tr><td> 2.081668e-17</td><td>-2.498002e-16</td><td>-5.551115e-17</td><td> 1.000000e+00</td><td> 1.734723e-16</td></tr>\n",
       "\t<tr><td>-5.551115e-17</td><td>-8.326673e-17</td><td>-1.110223e-16</td><td> 1.734723e-16</td><td> 1.000000e+00</td></tr>\n",
       "</tbody>\n",
       "</table>\n"
      ],
      "text/latex": [
       "\\begin{tabular}{lllll}\n",
       "\t  1.000000e+00 & -2.220446e-16 &  1.665335e-16 &  2.081668e-17 & -5.551115e-17\\\\\n",
       "\t -2.220446e-16 &  1.000000e+00 &  1.110223e-16 & -2.498002e-16 & -8.326673e-17\\\\\n",
       "\t  1.665335e-16 &  1.110223e-16 &  1.000000e+00 & -5.551115e-17 & -1.110223e-16\\\\\n",
       "\t  2.081668e-17 & -2.498002e-16 & -5.551115e-17 &  1.000000e+00 &  1.734723e-16\\\\\n",
       "\t -5.551115e-17 & -8.326673e-17 & -1.110223e-16 &  1.734723e-16 &  1.000000e+00\\\\\n",
       "\\end{tabular}\n"
      ],
      "text/markdown": [
       "\n",
       "|  1.000000e+00 | -2.220446e-16 |  1.665335e-16 |  2.081668e-17 | -5.551115e-17 | \n",
       "| -2.220446e-16 |  1.000000e+00 |  1.110223e-16 | -2.498002e-16 | -8.326673e-17 | \n",
       "|  1.665335e-16 |  1.110223e-16 |  1.000000e+00 | -5.551115e-17 | -1.110223e-16 | \n",
       "|  2.081668e-17 | -2.498002e-16 | -5.551115e-17 |  1.000000e+00 |  1.734723e-16 | \n",
       "| -5.551115e-17 | -8.326673e-17 | -1.110223e-16 |  1.734723e-16 |  1.000000e+00 | \n",
       "\n",
       "\n"
      ],
      "text/plain": [
       "     [,1]          [,2]          [,3]          [,4]          [,5]         \n",
       "[1,]  1.000000e+00 -2.220446e-16  1.665335e-16  2.081668e-17 -5.551115e-17\n",
       "[2,] -2.220446e-16  1.000000e+00  1.110223e-16 -2.498002e-16 -8.326673e-17\n",
       "[3,]  1.665335e-16  1.110223e-16  1.000000e+00 -5.551115e-17 -1.110223e-16\n",
       "[4,]  2.081668e-17 -2.498002e-16 -5.551115e-17  1.000000e+00  1.734723e-16\n",
       "[5,] -5.551115e-17 -8.326673e-17 -1.110223e-16  1.734723e-16  1.000000e+00"
      ]
     },
     "metadata": {},
     "output_type": "display_data"
    }
   ],
   "source": [
    "t(res$v)%*%res$v"
   ]
  },
  {
   "cell_type": "code",
   "execution_count": 9,
   "metadata": {},
   "outputs": [
    {
     "data": {
      "text/html": [
       "<table>\n",
       "<tbody>\n",
       "\t<tr><td>-2.220446e-16</td><td>-2.220446e-16</td><td> 2.220446e-16</td><td>-8.881784e-16</td><td>-4.024558e-16</td></tr>\n",
       "\t<tr><td> 0.000000e+00</td><td>-1.110223e-16</td><td> 2.220446e-16</td><td>-5.551115e-16</td><td>-5.551115e-16</td></tr>\n",
       "\t<tr><td>-4.163336e-16</td><td>-2.775558e-17</td><td>-6.661338e-16</td><td>-1.110223e-16</td><td> 4.440892e-16</td></tr>\n",
       "\t<tr><td> 2.220446e-16</td><td>-6.106227e-16</td><td>-2.775558e-16</td><td>-4.440892e-16</td><td>-1.026956e-15</td></tr>\n",
       "\t<tr><td>-3.330669e-16</td><td> 3.330669e-16</td><td> 0.000000e+00</td><td> 1.110223e-16</td><td> 4.440892e-16</td></tr>\n",
       "\t<tr><td>-3.330669e-16</td><td>-5.551115e-16</td><td> 2.220446e-16</td><td>-4.440892e-16</td><td> 1.110223e-16</td></tr>\n",
       "\t<tr><td>-1.665335e-16</td><td> 6.661338e-16</td><td> 1.110223e-16</td><td>-2.775558e-16</td><td>-1.804112e-16</td></tr>\n",
       "\t<tr><td> 3.330669e-16</td><td>-8.881784e-16</td><td> 5.551115e-17</td><td>-2.220446e-16</td><td> 0.000000e+00</td></tr>\n",
       "\t<tr><td>-1.942890e-16</td><td> 1.110223e-15</td><td> 1.110223e-16</td><td> 3.330669e-16</td><td> 1.110223e-16</td></tr>\n",
       "\t<tr><td> 2.220446e-16</td><td>-5.273559e-16</td><td>-3.330669e-16</td><td>-2.220446e-16</td><td> 3.330669e-16</td></tr>\n",
       "\t<tr><td>-2.220446e-16</td><td> 2.220446e-16</td><td> 3.885781e-16</td><td> 6.938894e-17</td><td> 4.440892e-16</td></tr>\n",
       "\t<tr><td>-1.665335e-16</td><td> 6.661338e-16</td><td> 1.665335e-16</td><td> 4.440892e-16</td><td> 1.110223e-16</td></tr>\n",
       "\t<tr><td> 2.220446e-16</td><td>-7.840950e-16</td><td>-2.775558e-17</td><td>-1.804112e-16</td><td> 5.551115e-17</td></tr>\n",
       "\t<tr><td>-5.551115e-17</td><td>-1.942890e-16</td><td>-2.220446e-16</td><td>-3.330669e-16</td><td> 5.551115e-17</td></tr>\n",
       "\t<tr><td>-3.191891e-16</td><td> 8.881784e-16</td><td> 2.220446e-16</td><td> 2.775558e-16</td><td> 3.330669e-16</td></tr>\n",
       "\t<tr><td> 0.000000e+00</td><td> 1.110223e-16</td><td> 2.220446e-16</td><td> 0.000000e+00</td><td> 1.110223e-16</td></tr>\n",
       "\t<tr><td>-3.053113e-16</td><td> 2.359224e-16</td><td>-5.551115e-16</td><td> 2.220446e-16</td><td> 3.330669e-16</td></tr>\n",
       "\t<tr><td>-5.273559e-16</td><td> 4.440892e-16</td><td> 1.110223e-16</td><td>-1.665335e-16</td><td> 8.881784e-16</td></tr>\n",
       "\t<tr><td> 0.000000e+00</td><td> 1.110223e-16</td><td>-1.110223e-16</td><td>-1.110223e-16</td><td>-2.220446e-16</td></tr>\n",
       "\t<tr><td> 0.000000e+00</td><td>-5.273559e-16</td><td>-2.220446e-16</td><td>-4.440892e-16</td><td> 2.220446e-16</td></tr>\n",
       "</tbody>\n",
       "</table>\n"
      ],
      "text/latex": [
       "\\begin{tabular}{lllll}\n",
       "\t -2.220446e-16 & -2.220446e-16 &  2.220446e-16 & -8.881784e-16 & -4.024558e-16\\\\\n",
       "\t  0.000000e+00 & -1.110223e-16 &  2.220446e-16 & -5.551115e-16 & -5.551115e-16\\\\\n",
       "\t -4.163336e-16 & -2.775558e-17 & -6.661338e-16 & -1.110223e-16 &  4.440892e-16\\\\\n",
       "\t  2.220446e-16 & -6.106227e-16 & -2.775558e-16 & -4.440892e-16 & -1.026956e-15\\\\\n",
       "\t -3.330669e-16 &  3.330669e-16 &  0.000000e+00 &  1.110223e-16 &  4.440892e-16\\\\\n",
       "\t -3.330669e-16 & -5.551115e-16 &  2.220446e-16 & -4.440892e-16 &  1.110223e-16\\\\\n",
       "\t -1.665335e-16 &  6.661338e-16 &  1.110223e-16 & -2.775558e-16 & -1.804112e-16\\\\\n",
       "\t  3.330669e-16 & -8.881784e-16 &  5.551115e-17 & -2.220446e-16 &  0.000000e+00\\\\\n",
       "\t -1.942890e-16 &  1.110223e-15 &  1.110223e-16 &  3.330669e-16 &  1.110223e-16\\\\\n",
       "\t  2.220446e-16 & -5.273559e-16 & -3.330669e-16 & -2.220446e-16 &  3.330669e-16\\\\\n",
       "\t -2.220446e-16 &  2.220446e-16 &  3.885781e-16 &  6.938894e-17 &  4.440892e-16\\\\\n",
       "\t -1.665335e-16 &  6.661338e-16 &  1.665335e-16 &  4.440892e-16 &  1.110223e-16\\\\\n",
       "\t  2.220446e-16 & -7.840950e-16 & -2.775558e-17 & -1.804112e-16 &  5.551115e-17\\\\\n",
       "\t -5.551115e-17 & -1.942890e-16 & -2.220446e-16 & -3.330669e-16 &  5.551115e-17\\\\\n",
       "\t -3.191891e-16 &  8.881784e-16 &  2.220446e-16 &  2.775558e-16 &  3.330669e-16\\\\\n",
       "\t  0.000000e+00 &  1.110223e-16 &  2.220446e-16 &  0.000000e+00 &  1.110223e-16\\\\\n",
       "\t -3.053113e-16 &  2.359224e-16 & -5.551115e-16 &  2.220446e-16 &  3.330669e-16\\\\\n",
       "\t -5.273559e-16 &  4.440892e-16 &  1.110223e-16 & -1.665335e-16 &  8.881784e-16\\\\\n",
       "\t  0.000000e+00 &  1.110223e-16 & -1.110223e-16 & -1.110223e-16 & -2.220446e-16\\\\\n",
       "\t  0.000000e+00 & -5.273559e-16 & -2.220446e-16 & -4.440892e-16 &  2.220446e-16\\\\\n",
       "\\end{tabular}\n"
      ],
      "text/markdown": [
       "\n",
       "| -2.220446e-16 | -2.220446e-16 |  2.220446e-16 | -8.881784e-16 | -4.024558e-16 | \n",
       "|  0.000000e+00 | -1.110223e-16 |  2.220446e-16 | -5.551115e-16 | -5.551115e-16 | \n",
       "| -4.163336e-16 | -2.775558e-17 | -6.661338e-16 | -1.110223e-16 |  4.440892e-16 | \n",
       "|  2.220446e-16 | -6.106227e-16 | -2.775558e-16 | -4.440892e-16 | -1.026956e-15 | \n",
       "| -3.330669e-16 |  3.330669e-16 |  0.000000e+00 |  1.110223e-16 |  4.440892e-16 | \n",
       "| -3.330669e-16 | -5.551115e-16 |  2.220446e-16 | -4.440892e-16 |  1.110223e-16 | \n",
       "| -1.665335e-16 |  6.661338e-16 |  1.110223e-16 | -2.775558e-16 | -1.804112e-16 | \n",
       "|  3.330669e-16 | -8.881784e-16 |  5.551115e-17 | -2.220446e-16 |  0.000000e+00 | \n",
       "| -1.942890e-16 |  1.110223e-15 |  1.110223e-16 |  3.330669e-16 |  1.110223e-16 | \n",
       "|  2.220446e-16 | -5.273559e-16 | -3.330669e-16 | -2.220446e-16 |  3.330669e-16 | \n",
       "| -2.220446e-16 |  2.220446e-16 |  3.885781e-16 |  6.938894e-17 |  4.440892e-16 | \n",
       "| -1.665335e-16 |  6.661338e-16 |  1.665335e-16 |  4.440892e-16 |  1.110223e-16 | \n",
       "|  2.220446e-16 | -7.840950e-16 | -2.775558e-17 | -1.804112e-16 |  5.551115e-17 | \n",
       "| -5.551115e-17 | -1.942890e-16 | -2.220446e-16 | -3.330669e-16 |  5.551115e-17 | \n",
       "| -3.191891e-16 |  8.881784e-16 |  2.220446e-16 |  2.775558e-16 |  3.330669e-16 | \n",
       "|  0.000000e+00 |  1.110223e-16 |  2.220446e-16 |  0.000000e+00 |  1.110223e-16 | \n",
       "| -3.053113e-16 |  2.359224e-16 | -5.551115e-16 |  2.220446e-16 |  3.330669e-16 | \n",
       "| -5.273559e-16 |  4.440892e-16 |  1.110223e-16 | -1.665335e-16 |  8.881784e-16 | \n",
       "|  0.000000e+00 |  1.110223e-16 | -1.110223e-16 | -1.110223e-16 | -2.220446e-16 | \n",
       "|  0.000000e+00 | -5.273559e-16 | -2.220446e-16 | -4.440892e-16 |  2.220446e-16 | \n",
       "\n",
       "\n"
      ],
      "text/plain": [
       "      [,1]          [,2]          [,3]          [,4]          [,5]         \n",
       " [1,] -2.220446e-16 -2.220446e-16  2.220446e-16 -8.881784e-16 -4.024558e-16\n",
       " [2,]  0.000000e+00 -1.110223e-16  2.220446e-16 -5.551115e-16 -5.551115e-16\n",
       " [3,] -4.163336e-16 -2.775558e-17 -6.661338e-16 -1.110223e-16  4.440892e-16\n",
       " [4,]  2.220446e-16 -6.106227e-16 -2.775558e-16 -4.440892e-16 -1.026956e-15\n",
       " [5,] -3.330669e-16  3.330669e-16  0.000000e+00  1.110223e-16  4.440892e-16\n",
       " [6,] -3.330669e-16 -5.551115e-16  2.220446e-16 -4.440892e-16  1.110223e-16\n",
       " [7,] -1.665335e-16  6.661338e-16  1.110223e-16 -2.775558e-16 -1.804112e-16\n",
       " [8,]  3.330669e-16 -8.881784e-16  5.551115e-17 -2.220446e-16  0.000000e+00\n",
       " [9,] -1.942890e-16  1.110223e-15  1.110223e-16  3.330669e-16  1.110223e-16\n",
       "[10,]  2.220446e-16 -5.273559e-16 -3.330669e-16 -2.220446e-16  3.330669e-16\n",
       "[11,] -2.220446e-16  2.220446e-16  3.885781e-16  6.938894e-17  4.440892e-16\n",
       "[12,] -1.665335e-16  6.661338e-16  1.665335e-16  4.440892e-16  1.110223e-16\n",
       "[13,]  2.220446e-16 -7.840950e-16 -2.775558e-17 -1.804112e-16  5.551115e-17\n",
       "[14,] -5.551115e-17 -1.942890e-16 -2.220446e-16 -3.330669e-16  5.551115e-17\n",
       "[15,] -3.191891e-16  8.881784e-16  2.220446e-16  2.775558e-16  3.330669e-16\n",
       "[16,]  0.000000e+00  1.110223e-16  2.220446e-16  0.000000e+00  1.110223e-16\n",
       "[17,] -3.053113e-16  2.359224e-16 -5.551115e-16  2.220446e-16  3.330669e-16\n",
       "[18,] -5.273559e-16  4.440892e-16  1.110223e-16 -1.665335e-16  8.881784e-16\n",
       "[19,]  0.000000e+00  1.110223e-16 -1.110223e-16 -1.110223e-16 -2.220446e-16\n",
       "[20,]  0.000000e+00 -5.273559e-16 -2.220446e-16 -4.440892e-16  2.220446e-16"
      ]
     },
     "metadata": {},
     "output_type": "display_data"
    }
   ],
   "source": [
    "# Vérifier la reconstruction de X\n",
    "# à l'erreur machine près\n",
    "X-res$u%*%diag(res$d)%*%t(res$v)"
   ]
  },
  {
   "cell_type": "markdown",
   "metadata": {},
   "source": [
    "**Q** Comparer ci-dessous les valeurs propres des matrices **X'X** et **XX'**. Que dire des dimensions, du rang de ces matrices, de la multiplicité de la valeur propre nulle? \n",
    "\n",
    "**Q** Comparer avec les valeurs propres et les valeurs singulières de **X**."
   ]
  },
  {
   "cell_type": "code",
   "execution_count": 14,
   "metadata": {},
   "outputs": [
    {
     "name": "stdout",
     "output_type": "stream",
     "text": [
      "[1] \"Xt*X\"\n"
     ]
    },
    {
     "data": {
      "text/html": [
       "<ol class=list-inline>\n",
       "\t<li>28.4954147873033</li>\n",
       "\t<li>2.86120711954785</li>\n",
       "\t<li>1.81192614503955</li>\n",
       "\t<li>1.44617444314654</li>\n",
       "\t<li>1.00713801930526</li>\n",
       "</ol>\n"
      ],
      "text/latex": [
       "\\begin{enumerate*}\n",
       "\\item 28.4954147873033\n",
       "\\item 2.86120711954785\n",
       "\\item 1.81192614503955\n",
       "\\item 1.44617444314654\n",
       "\\item 1.00713801930526\n",
       "\\end{enumerate*}\n"
      ],
      "text/markdown": [
       "1. 28.4954147873033\n",
       "2. 2.86120711954785\n",
       "3. 1.81192614503955\n",
       "4. 1.44617444314654\n",
       "5. 1.00713801930526\n",
       "\n",
       "\n"
      ],
      "text/plain": [
       "[1] 28.495415  2.861207  1.811926  1.446174  1.007138"
      ]
     },
     "metadata": {},
     "output_type": "display_data"
    }
   ],
   "source": [
    "# Valeurs et vecteurs propres\n",
    "dec1=eigen(t(X)%*%X) #dim 5*5\n",
    "dec2=eigen(X%*%t(X)) #20*20\n",
    "print(\"Xt*X\")\n",
    "dec1$values"
   ]
  },
  {
   "cell_type": "code",
   "execution_count": 15,
   "metadata": {},
   "outputs": [
    {
     "name": "stdout",
     "output_type": "stream",
     "text": [
      "[1] \"X* Xt\"\n"
     ]
    },
    {
     "data": {
      "text/html": [
       "<ol class=list-inline>\n",
       "\t<li>28.4954147873033</li>\n",
       "\t<li>2.86120711954785</li>\n",
       "\t<li>1.81192614503955</li>\n",
       "\t<li>1.44617444314654</li>\n",
       "\t<li>1.00713801930526</li>\n",
       "\t<li>3.10080132414313e-15</li>\n",
       "\t<li>1.23447803499165e-16</li>\n",
       "\t<li>1.04921172420917e-16</li>\n",
       "\t<li>5.17304741802513e-17</li>\n",
       "\t<li>4.71793202786256e-17</li>\n",
       "\t<li>2.28709306336718e-17</li>\n",
       "\t<li>2.79320375246525e-18</li>\n",
       "\t<li>-1.66666206561262e-17</li>\n",
       "\t<li>-5.7209292453869e-17</li>\n",
       "\t<li>-1.5212902493759e-16</li>\n",
       "\t<li>-1.95954606004565e-16</li>\n",
       "\t<li>-2.33673282591602e-16</li>\n",
       "\t<li>-3.18754578718898e-16</li>\n",
       "\t<li>-9.10862606391872e-16</li>\n",
       "\t<li>-1.07928443728406e-15</li>\n",
       "</ol>\n"
      ],
      "text/latex": [
       "\\begin{enumerate*}\n",
       "\\item 28.4954147873033\n",
       "\\item 2.86120711954785\n",
       "\\item 1.81192614503955\n",
       "\\item 1.44617444314654\n",
       "\\item 1.00713801930526\n",
       "\\item 3.10080132414313e-15\n",
       "\\item 1.23447803499165e-16\n",
       "\\item 1.04921172420917e-16\n",
       "\\item 5.17304741802513e-17\n",
       "\\item 4.71793202786256e-17\n",
       "\\item 2.28709306336718e-17\n",
       "\\item 2.79320375246525e-18\n",
       "\\item -1.66666206561262e-17\n",
       "\\item -5.7209292453869e-17\n",
       "\\item -1.5212902493759e-16\n",
       "\\item -1.95954606004565e-16\n",
       "\\item -2.33673282591602e-16\n",
       "\\item -3.18754578718898e-16\n",
       "\\item -9.10862606391872e-16\n",
       "\\item -1.07928443728406e-15\n",
       "\\end{enumerate*}\n"
      ],
      "text/markdown": [
       "1. 28.4954147873033\n",
       "2. 2.86120711954785\n",
       "3. 1.81192614503955\n",
       "4. 1.44617444314654\n",
       "5. 1.00713801930526\n",
       "6. 3.10080132414313e-15\n",
       "7. 1.23447803499165e-16\n",
       "8. 1.04921172420917e-16\n",
       "9. 5.17304741802513e-17\n",
       "10. 4.71793202786256e-17\n",
       "11. 2.28709306336718e-17\n",
       "12. 2.79320375246525e-18\n",
       "13. -1.66666206561262e-17\n",
       "14. -5.7209292453869e-17\n",
       "15. -1.5212902493759e-16\n",
       "16. -1.95954606004565e-16\n",
       "17. -2.33673282591602e-16\n",
       "18. -3.18754578718898e-16\n",
       "19. -9.10862606391872e-16\n",
       "20. -1.07928443728406e-15\n",
       "\n",
       "\n"
      ],
      "text/plain": [
       " [1]  2.849541e+01  2.861207e+00  1.811926e+00  1.446174e+00  1.007138e+00\n",
       " [6]  3.100801e-15  1.234478e-16  1.049212e-16  5.173047e-17  4.717932e-17\n",
       "[11]  2.287093e-17  2.793204e-18 -1.666662e-17 -5.720929e-17 -1.521290e-16\n",
       "[16] -1.959546e-16 -2.336733e-16 -3.187546e-16 -9.108626e-16 -1.079284e-15"
      ]
     },
     "metadata": {},
     "output_type": "display_data"
    }
   ],
   "source": [
    "print(\"X* Xt\")\n",
    "dec2$values"
   ]
  },
  {
   "cell_type": "markdown",
   "metadata": {},
   "source": [
    "Rep: Les valeurs propres non nulles sont égales et même multiplicité. La valeur propre nulle de X*Xt est (n-p).\n",
    "Les deux matrices ont même rang.\n",
    "Les valeurs singulières de X correspondant à la racine carrée des valeurs propres non nulles de Xt * X."
   ]
  },
  {
   "cell_type": "code",
   "execution_count": 16,
   "metadata": {},
   "outputs": [
    {
     "data": {
      "text/html": [
       "<ol class=list-inline>\n",
       "\t<li>5.33810966422603</li>\n",
       "\t<li>1.69151030725439</li>\n",
       "\t<li>1.34607806052976</li>\n",
       "\t<li>1.20256993274676</li>\n",
       "\t<li>1.00356266336749</li>\n",
       "</ol>\n"
      ],
      "text/latex": [
       "\\begin{enumerate*}\n",
       "\\item 5.33810966422603\n",
       "\\item 1.69151030725439\n",
       "\\item 1.34607806052976\n",
       "\\item 1.20256993274676\n",
       "\\item 1.00356266336749\n",
       "\\end{enumerate*}\n"
      ],
      "text/markdown": [
       "1. 5.33810966422603\n",
       "2. 1.69151030725439\n",
       "3. 1.34607806052976\n",
       "4. 1.20256993274676\n",
       "5. 1.00356266336749\n",
       "\n",
       "\n"
      ],
      "text/plain": [
       "[1] 5.338110 1.691510 1.346078 1.202570 1.003563"
      ]
     },
     "metadata": {},
     "output_type": "display_data"
    }
   ],
   "source": [
    "#Valeurs singulières de X\n",
    "sqrt(dec1$values)"
   ]
  },
  {
   "cell_type": "code",
   "execution_count": 22,
   "metadata": {},
   "outputs": [
    {
     "data": {
      "text/html": [
       "<table>\n",
       "<tbody>\n",
       "\t<tr><td> 1.000000e+00</td><td> 2.775558e-17</td><td> 1.110223e-16</td><td> 1.457168e-16</td><td>-8.326673e-17</td></tr>\n",
       "\t<tr><td> 2.775558e-17</td><td> 1.000000e+00</td><td>-5.551115e-17</td><td>-3.538836e-16</td><td>-1.249001e-16</td></tr>\n",
       "\t<tr><td> 1.110223e-16</td><td>-5.551115e-17</td><td> 1.000000e+00</td><td> 6.938894e-17</td><td> 5.551115e-17</td></tr>\n",
       "\t<tr><td> 1.457168e-16</td><td>-3.538836e-16</td><td> 6.938894e-17</td><td> 1.000000e+00</td><td>-3.677614e-16</td></tr>\n",
       "\t<tr><td>-8.326673e-17</td><td>-1.249001e-16</td><td> 5.551115e-17</td><td>-3.677614e-16</td><td> 1.000000e+00</td></tr>\n",
       "</tbody>\n",
       "</table>\n"
      ],
      "text/latex": [
       "\\begin{tabular}{lllll}\n",
       "\t  1.000000e+00 &  2.775558e-17 &  1.110223e-16 &  1.457168e-16 & -8.326673e-17\\\\\n",
       "\t  2.775558e-17 &  1.000000e+00 & -5.551115e-17 & -3.538836e-16 & -1.249001e-16\\\\\n",
       "\t  1.110223e-16 & -5.551115e-17 &  1.000000e+00 &  6.938894e-17 &  5.551115e-17\\\\\n",
       "\t  1.457168e-16 & -3.538836e-16 &  6.938894e-17 &  1.000000e+00 & -3.677614e-16\\\\\n",
       "\t -8.326673e-17 & -1.249001e-16 &  5.551115e-17 & -3.677614e-16 &  1.000000e+00\\\\\n",
       "\\end{tabular}\n"
      ],
      "text/markdown": [
       "\n",
       "|  1.000000e+00 |  2.775558e-17 |  1.110223e-16 |  1.457168e-16 | -8.326673e-17 | \n",
       "|  2.775558e-17 |  1.000000e+00 | -5.551115e-17 | -3.538836e-16 | -1.249001e-16 | \n",
       "|  1.110223e-16 | -5.551115e-17 |  1.000000e+00 |  6.938894e-17 |  5.551115e-17 | \n",
       "|  1.457168e-16 | -3.538836e-16 |  6.938894e-17 |  1.000000e+00 | -3.677614e-16 | \n",
       "| -8.326673e-17 | -1.249001e-16 |  5.551115e-17 | -3.677614e-16 |  1.000000e+00 | \n",
       "\n",
       "\n"
      ],
      "text/plain": [
       "     [,1]          [,2]          [,3]          [,4]          [,5]         \n",
       "[1,]  1.000000e+00  2.775558e-17  1.110223e-16  1.457168e-16 -8.326673e-17\n",
       "[2,]  2.775558e-17  1.000000e+00 -5.551115e-17 -3.538836e-16 -1.249001e-16\n",
       "[3,]  1.110223e-16 -5.551115e-17  1.000000e+00  6.938894e-17  5.551115e-17\n",
       "[4,]  1.457168e-16 -3.538836e-16  6.938894e-17  1.000000e+00 -3.677614e-16\n",
